0.44639447907471186,0.0,Olov Johansson_ Catriona Mckay,469.68117999999998,3.6629999999999998,0.0,7,0.436,-14.217000000000001,1,0.94399999999999995,nan,74.046000000000006,4,0.39400000000000002,Rain / Ekoln
0.4961288946289526,0.33664593714706809,Johnny Copeland,305.63220000000001,0.56799999999999995,0.0,4,0.376,-11.609999999999999,0,0.38400000000000001,0.0,120.765,3,1.0,Circumstances
0.4960200585625883,0.365420274738122,Tanya Chua,254.24933999999999,0.154,0.0,8,0.57599999999999996,-6.2169999999999996,1,0.60299999999999998,nan,147.892,4,1.0,Zuo Li Bu An
0.51572629863226627,0.31930004030351328,Adrenalin O.D.,142.65423999999999,0.34000000000000002,0.0,0,0.51700000000000002,-5.2350000000000003,1,0.47299999999999998,0.0,106.002,4,0.39600000000000002,Anarchy in the UK (Sex Pistols) (Bonus Track)
0.65195213871567559,0.44969399776782859,The Bug Featuring Ricky Ranking,309.28933999999998,0.17699999999999999,0.0,8,0.0,-9.3759999999999994,1,0.23200000000000001,0.55316675350079247,143.81200000000001,4,1.0,Judgement
0.41091288073047583,0.31267855963059832,Juan Carmona,338.96444000000002,0.0,0.0,6,0.47999999999999998,-13.486000000000001,1,0.504,0.0,110.361,1,0.0,Soleariyas
0.50038885899845897,0.35562594621770727,Harald Kloser / Thomas Wander / Thomas Schobel,163.21261000000001,9.8979999999999997,0.0,1,0.0,-29.053999999999998,1,0.0,0.46054128135865785,119.78700000000001,4,0.83399999999999996,Opening
0.47902340973675245,0.32222074891351637,Workhorse,276.37506000000002,0.0,0.0,7,0.80800000000000005,-6.7869999999999999,1,0.67300000000000004,0.0,132.09299999999999,4,0.0,My Friend the Blind
0.3749388559858205,0.0,Ismael Dueñas,537.25995,2.0779999999999998,0.0,5,0.53000000000000003,-17.495000000000001,0,0.54100000000000004,0.0,100.27500000000001,4,0.67900000000000005,You do something to me
0.4676276869350442,0.32171320369290468,Mae West,174.49751000000001,0.0,0.0,7,0.059999999999999998,-23.041,1,0.182,0.0,81.882000000000005,4,0.57799999999999996,Imaginary Love
0.50352366675406579,0.35551592664204407,Sonny James,146.02404000000001,0.46200000000000002,0.0,0,0.63,-15.911,1,0.59699999999999998,0.62303747555117905,144.53800000000001,4,0.90300000000000002,I'll Never Find Another You
0.43148852018379441,0.32436887138832682,Django Asül,365.73995000000002,0.0,0.0,9,0.50600000000000001,-11.875999999999999,1,0.46000000000000002,nan,87.278999999999996,4,0.80800000000000005,Agenda Zwei Null Eins Null
0.4366048444498471,0.33806824465962221,Alex Fong,191.97342,0.19400000000000001,0.0,7,0.56799999999999995,-5.7320000000000002,0,0.54400000000000004,nan,162.98699999999999,4,0.0,Hao Lai Hao Qu
0.85141762884736549,0.59261492735183441,Backstreet Boys,236.25098,4.569,0.0,0,0.0050000000000000001,-5.1200000000000001,1,0.51000000000000001,nan,112.78700000000001,4,0.57199999999999995,Larger Than Life
0.58400755313893005,0.40902774457009566,Jerry Reed,135.18322000000001,0.183,0.0,5,0.20499999999999999,-13.941000000000001,1,0.217,0.37598430150044215,121.371,4,0.0,Woman Shy
0.3272331914161043,0.063724986463337407,Megadrums,237.24363,0.0,0.0,11,0.001,-15.776999999999999,1,0.17699999999999999,0.0,118.71299999999999,4,0.0,Drummer's Circle
0.3489203563494867,0.27152765767142323,Jimmy Burns,264.51546000000002,0.40100000000000002,0.0,7,1.0,-10.409000000000001,1,0.85199999999999998,0.0,120.67400000000001,3,0.61299999999999999,Rollin' And Tumblin'
0.47738713372834984,0.36361086464652481,Alfredo Kraus,135.13097999999999,0.84399999999999997,0.0,8,0.55600000000000005,-17.667000000000002,1,0.45900000000000002,nan,92.409000000000006,1,0.67700000000000005,La Alegria Del Batallon
0.74770866931977131,0.52040785972633929,N.W.A.,183.14403999999999,0.25900000000000001,0.0,0,0.0,-9.3849999999999998,1,0.0,0.2383448468293824,96.171000000000006,4,1.0,Bonus Beats (2002 Digital Remaster)
0.73026518322114897,0.46367386944388211,George Jones,168.33260999999999,2.3100000000000001,0.0,5,0.92200000000000004,-15.467000000000001,1,0.72699999999999998,0.0,131.44999999999999,3,0.72199999999999998,Ol' Frank
0.45613667443492384,0.28559127151750291,Marc Perrone,142.88934,0.443,0.0,0,0.83499999999999996,-17.317,1,0.72299999999999998,nan,207.15199999999999,1,0.0,Locaccmaccam
0.40807191056199049,0.31366719180678809,Pee Wee King,154.69668999999999,2.258,0.0,5,0.155,-11.473000000000001,1,0.46000000000000002,0.0,89.200999999999993,4,0.307,Railroad Boogie
0.77227216092781592,0.50011933507507977,Mobb Deep,298.00443999999999,2.734,0.0,6,0.47999999999999998,-5.1600000000000001,0,0.58399999999999996,0.63663597100421188,87.747,4,0.38500000000000001,Up North Trip
0.59634985432679843,0.41842959788461032,Buddy Miles,218.3571,7.9470000000000001,0.0,7,0.39400000000000002,-9.9779999999999998,1,0.78100000000000003,0.27077599894632748,94.569999999999993,5,0.36199999999999999,Midnight Rider
0.58364643465515709,0.4145895696931074,Gene Autry,163.52608000000001,3.4249999999999998,0.0,2,0.38600000000000001,-17.123000000000001,1,0.51400000000000001,nan,81.828999999999994,4,1.0,Frankie And Johnny
0.55990143838051332,0.40123912170697235,Twila Paris,290.19382999999999,0.57199999999999995,0.0,7,0.55400000000000005,-12.125999999999999,1,0.60199999999999998,nan,105.834,4,0.81799999999999995,How Beautiful (Cry For The Desert Album Version)
0.41721644209505138,0.32943266435328078,The Fontane Sisters,149.99465000000001,0.98399999999999999,0.0,6,0.52700000000000002,-12.442,1,0.60399999999999998,0.0,86.463999999999999,4,0.0,The Tennessee Waltz
0.68108441984406487,0.45337118806499399,Beres Hammond Feat. Jah Youth,247.77098000000001,0.14799999999999999,0.0,7,0.48399999999999999,-5.6520000000000001,1,0.436,0.30416950343527516,150.78800000000001,4,0.127,Good Old Dancehall Vibes
0.44932361520766173,0.34328188178708335,T.G.Sheppard,247.87546,2.5539999999999998,0.0,2,0.35599999999999998,-10.343999999999999,1,0.49099999999999999,0.0,80.656999999999996,5,0.59899999999999998,When I Fall In Love
0.60428209414591205,0.40753901944612547,The Token,128.1824,0.496,0.0,10,0.69499999999999995,-6.5149999999999997,1,0.66000000000000003,0.23757809699146515,124.283,4,0.40799999999999997,Come Dance With Me
0.73106575571087062,0.50987870785270262,Sister Hazel,188.62975,0.45800000000000002,0.0,7,0.90400000000000003,-5.1500000000000004,1,0.70999999999999996,0.70717242429050964,138.58099999999999,1,0.0,Think About Me
0.48080628183213397,0.39746763608485836,PMD,44.277099999999997,0.0,0.0,2,0.085999999999999993,-20.655999999999999,1,0.23699999999999999,nan,70.123000000000005,1,0.51400000000000001,Let it go Interlude
0.82203496219938643,0.47701978951445251,Why?,190.14484999999999,0.0,0.0,9,0.58899999999999997,-5.5899999999999999,1,0.313,0.65824143675572533,116.036,1,0.0,Sanddollars
0.4813975284570603,0.32214262184595016,George Hamilton IV,323.16036000000003,0.22900000000000001,0.0,5,0.59099999999999997,-16.853000000000002,1,0.66700000000000004,nan,187.04499999999999,5,0.79300000000000004,Medley: Safe To The Rock / Hiding In Thee
0.50178596827436728,0.38242658420177411,Andreas Dorau,395.17995000000002,0.13700000000000001,0.0,10,0.13400000000000001,-8.5860000000000003,1,0.48399999999999999,nan,124.988,4,1.0,So ist das nun mal
0.28422040367982832,0.30584974433575302,Manuel & The Music Of The Mountains,158.14484999999999,0.65300000000000002,0.0,2,0.58699999999999997,-12.948,0,0.61299999999999999,nan,130.422,4,0.0,Umbrellas Of Cherbourg
0.40743039974998801,0.31853602993581781,Nick Ingman,110.15791,3.419,0.0,2,0.753,-20.678000000000001,0,0.78900000000000003,0.23360192858138129,133.369,4,0.497,Kumal & Sangha
0.45659958904971432,0.18639631853938754,The Red Telephone,273.55383,0.496,0.0,2,0.23000000000000001,-6.4640000000000004,1,0.50900000000000001,0.22701669673748312,117.32899999999999,4,0.29299999999999998,Have You Seen Her
0.38230828283667867,0.28356259598084455,The Jordanaires,163.23873,0.0,0.0,10,0.56100000000000005,-13.481999999999999,0,0.42799999999999999,nan,166.19900000000001,4,0.45800000000000002,Games People Play
0.36987695823196864,0.28006185754400231,Widespread Bloodshed,49.94567,0.0,0.0,10,0.46700000000000003,-2.1819999999999999,0,0.26600000000000001,nan,174.86500000000001,4,0.29699999999999999,Wepons Of Mass Deception (Album)
0.55588428651095179,0.30203246966399139,Nu Flavor,242.38974999999999,0.24099999999999999,0.0,11,0.050999999999999997,-5.4260000000000002,0,0.47499999999999998,0.33470654906922059,96.057000000000002,4,0.873,Sprung (Cibola Mix W/ Rap)
0.60527855125943664,0.35018273201037681,Daler Mehndi,237.92281,0.26400000000000001,0.0,3,0.27600000000000002,-3.819,0,0.13100000000000001,0.40698028422356558,140.02600000000001,4,0.0,Gora Gora Badan
0.59326265475587137,0.37206905822832892,Wailing Souls,204.85178999999999,0.629,0.0,7,0.58799999999999997,-9.9900000000000002,1,0.496,nan,146.44499999999999,4,0.433,Old Broom
0.44240828957457995,0.25867126753448538,Jan Howard,165.98159000000001,0.0,0.0,1,0.48999999999999999,-15.914999999999999,1,0.64800000000000002,0.27407357810339028,86.162000000000006,4,1.0,Bad Seed
0.70783996844159058,0.53244587095940743,Devo,264.33260999999999,0.075999999999999998,0.0,2,0.67000000000000004,-10.499000000000001,1,0.52500000000000002,nan,144.80099999999999,4,1.0,The 4th Dimension (LP Version)
0.51718624171965166,0.32204981350709144,The Birds,162.66404,0.080000000000000002,0.0,5,0.65800000000000003,-9.9359999999999999,0,0.42599999999999999,nan,139.81100000000001,4,0.0,No Good Without You
0.76800423477358915,0.56081976926185706,Static-X,185.10321999999999,0.11799999999999999,0.0,6,0.38800000000000001,-3.2610000000000001,1,0.39400000000000002,0.65201003681851299,144.017,4,0.83699999999999997,Control It (Album Version)
0.66950012522080904,0.54444627690369096,Britt Nicole,245.81179,0.19900000000000001,0.0,1,0.61599999999999999,-13.053000000000001,1,0.65600000000000003,0.0,160.01499999999999,4,0.60499999999999998,Don't Worry Now (Performance Track In Key Of Db Without Background Vocals)
0.6386404057423517,0.46084348258966512,Unwritten Law,216.81586999999999,0.33400000000000002,0.0,2,0.60599999999999998,-5.2430000000000003,1,0.48299999999999998,nan,201.26900000000001,4,0.0,Superman
0.61295315423906394,0.45454192915129765,Jacques Dutronc,128.33913999999999,3.4369999999999998,0.0,9,0.746,-8.5730000000000004,1,0.53000000000000003,nan,137.119,1,0.0,Transes-Dimanche
