0.68949476499284268,0.35590562978140261,Eko Fresh feat. Capkekz,236.14649,0.0,0.0,8,0.34399999999999997,-2.653,1,0.55000000000000004,0.27077599894632748,94.998000000000005,4,1.0,Das ist mein Viertel
0.87721374592465162,1.0825025567261237,Kanye West,31.372610000000002,0.0,0.0,11,0.34300000000000003,-12.352,0,0.48499999999999999,nan,60.276000000000003,1,0.0,Skit #2 (Kanye West/Late Registration)
0.57104681938797031,0.41676210035034489,Karlheinz Stockhausen,277.18484999999998,0.502,0.0,9,0.629,-31.109000000000002,0,0.65100000000000002,nan,95.129999999999995,3,0.80200000000000005,02'-15'
0.62141432840389421,0.44393019272579715,Teena Marie,323.18648999999999,2.9140000000000001,0.0,1,0.60999999999999999,-12.256,1,0.64000000000000001,nan,97.396000000000001,4,0.81399999999999995,Playboy
0.57060965822455112,0.38987712642128541,Marisela,221.20444000000001,0.25900000000000001,0.0,1,0.73599999999999999,-9.4670000000000005,1,0.68899999999999995,0.0,134.19200000000001,4,0.53200000000000003,La Otra
0.50897130778586364,0.34209665045733845,Spinal Tap,218.20035999999999,0.0,0.0,10,0.021000000000000001,-7.6429999999999998,1,0.45000000000000001,0.26586104921065007,112.06,4,0.0,Big Bottom
0.68159855314603046,0.5375372013052252,The B-52's,313.20771000000002,0.34399999999999997,0.0,11,0.041000000000000002,-7.4649999999999999,1,0.41899999999999998,0.47405483093120077,136.767,4,0.248,Tell It Like It T-I-IS (Album Version)
0.47307688127652164,0.0,Marcelo Radulovich,267.59791000000001,2.2290000000000001,0.0,0,0.436,-11.054,1,0.46000000000000002,nan,144.90199999999999,5,0.81699999999999995,Non-Stop Floater
0.41757283710242898,0.30619745898023865,Mr.De',246.72608,0.36299999999999999,0.0,11,0.27800000000000002,-11.429,0,0.48399999999999999,0.0,130.00200000000001,4,0.97599999999999998,The Vine
0.37973451174553752,0.31386609958029299,Mariano Yanani,124.83873,0.34499999999999997,0.0,5,0.28100000000000003,-16.068999999999999,1,0.55400000000000005,nan,68.311000000000007,5,0.45500000000000002,Cancion De Cuna_ Op. 49_ No. 4 (Brahms)
0.71189384128988498,0.5351630421238075,Jane's Addiction,240.01261,2.4900000000000002,0.0,9,0.67500000000000004,-7.915,1,0.64900000000000002,0.37253003936607959,123.015,4,0.53000000000000003,Stop! [Demo]
0.50078198582113964,0.38902936598374532,Constance Demby,285.75301999999999,3.2280000000000002,0.0,4,0.52300000000000002,-13.129,1,0.63100000000000001,0.0,153.94200000000001,7,0.186,Moving On
0.49225313243508523,0.25680336879461524,Miriam Yeung,257.4624,0.0,0.0,0,0.34399999999999997,-7.0880000000000001,1,0.47299999999999998,nan,107.961,3,1.0,Yi Xing
0.78374691755820658,0.46554267177187048,King Diamond,286.56281000000001,0.0,0.0,11,0.070999999999999994,-5.5750000000000002,1,0.037999999999999999,nan,240.761,4,0.0,The Portrait (Live) (Reissue) (Album Version)
0.49663008546735321,0.23243777668735621,Deepface,362.68362999999999,0.0,0.0,11,0.79100000000000004,-4.577,0,0.60999999999999999,0.20391501316769362,124.05,4,0.29599999999999999,I Want To Live (Smash Club Mix)
0.58020447601408753,0.40030660709454924,Extrabreit,283.14076999999997,0.20000000000000001,0.0,0,0.60099999999999998,-8.8070000000000004,1,0.40100000000000002,nan,145.09299999999999,4,0.0,Break That Ice
0.54631042369933347,0.3099193396540712,Pablo Montero,199.94076999999999,0.36499999999999999,0.0,2,0.65600000000000003,-8.5960000000000001,1,0.60899999999999999,0.0,100.048,4,1.0,Ni Gota De Rencor
0.69877047779587209,0.39945172400502926,Angelo Badalamenti,209.89341999999999,0.13500000000000001,0.0,9,0.76000000000000001,-17.363,1,0.69999999999999996,0.24924637674332656,36.279000000000003,1,0.0,Vera Begs Dylan
0.55010385025617026,0.38623768283972165,Jay Pérez,196.12689,0.183,0.0,5,0.624,-12.209,1,0.41299999999999998,0.0,94.814999999999998,4,0.41099999999999998,Si Tu Regresas
0.57753274668362542,0.32742170532048809,Kieran,243.25179,0.189,0.0,5,0.56599999999999995,-6.585,0,0.63900000000000001,0.0,155.75700000000001,3,1.0,You Saved My Life
0.31569241024991279,0.26350909729933758,Roger Reynolds,842.10892999999999,4.4409999999999998,0.0,7,0.34599999999999997,-30.140000000000001,1,0.33100000000000002,nan,60.012999999999998,1,0.0,Binaural Presentation - Focus On A Beam Emptied Of Thinking_ Outward...
0.46741384376930201,0.37273761334003702,Doug MacLeod,267.59791000000001,0.20000000000000001,0.0,7,0.94899999999999995,-12.529,1,0.63500000000000001,0.0,92.911000000000001,4,0.78500000000000003,Take Your Leave Of Me Baby
0.48327865733174069,0.36062871613623815,Leo Ku,203.57178999999999,1.367,0.0,6,0.63900000000000001,-12.529999999999999,1,0.58099999999999996,nan,118.062,4,0.98799999999999999,Tian Cai Yu Bai Chi Zhi Tian Cai Bai Chi Meng
0.41424422917234577,0.28737003459245986,John D. Loudermilk,113.81506,0.16,0.0,7,0.014999999999999999,-10.955,1,0.23699999999999999,0.0,87.713999999999999,1,0.0,Somebody Sweet
0.52651527811074406,0.40658168035189596,Darwin Hobbs,307.69587000000001,0.40400000000000003,0.0,7,0.55100000000000005,-10.44,0,0.67000000000000004,0.23389561678598411,89.941000000000003,4,0.505,Mercy (Album Version)
0.67424842096083448,0.46051574170106624,Esperanza Spalding / Leo Genovese,345.54730000000001,0.0,0.0,5,0.46300000000000002,-15.525,0,0.46300000000000002,0.58305129196252459,171.99000000000001,7,1.0,Love In Time
0.61036364440588176,0.0,Coraleena Ellis,250.77506,0.20000000000000001,0.0,11,0.379,-12.198,0,0.40300000000000002,0.0,88.015000000000001,1,0.69299999999999995,Wide Awake In A Dream
0.60726012883039071,0.40300079903195341,The Chi-Lites,260.98892999999998,0.0,0.0,11,0.55600000000000005,-9.5879999999999992,0,0.53300000000000003,nan,90.100999999999999,4,0.31900000000000001,Love Of My Life
0.53345334299195157,0.27380615027542854,Charlie Cruz,288.83546000000001,0.223,0.0,2,0.27800000000000002,-2.968,1,0.19400000000000001,0.0,200.53399999999999,4,0.0,Si No Te Hubieras Ido
0.75504134999862749,0.4585920249078077,Jesse Malin,211.85261,0.0,0.0,11,0.97199999999999998,-9.4169999999999998,1,0.80800000000000005,nan,141.27099999999999,5,0.45200000000000001,Almost Grown
0.42851615046058689,0.26928825735506345,Rance Allen Group,201.27302,0.36899999999999999,0.0,0,0.621,-11.202,1,0.64100000000000001,0.0,100.33199999999999,4,0.0,The Painter
0.45298313209959595,0.32809492469197249,Babylon Disco,181.39383000000001,0.0,0.0,1,0.38,-16.155999999999999,1,0.435,0.26376758986854226,89.992000000000004,4,0.93700000000000006,Multiplayer
0.62812134002882869,0.41894687125111751,Jefferson Starship,220.52526,0.22600000000000001,0.0,10,0.57999999999999996,-8.3650000000000002,1,0.56200000000000006,0.28542988170117856,122.348,4,1.0,Fading Lady Light
0.59864369585795085,0.31092096264450808,Wild Horses,174.18404000000001,0.46200000000000002,0.0,2,0.51700000000000002,-7.4580000000000002,1,0.59599999999999997,0.25376170740775583,103.047,4,0.0,Mother's Little Helper
0.68159855314603046,0.5375372013052252,The B-52's,261.74648999999999,3.4889999999999999,0.0,0,0.42699999999999999,-9.6280000000000001,1,0.39800000000000002,0.71404655277218643,124.086,4,0.36599999999999999,Wig
0.51019217658484373,0.32409770298372925,Reni,191.52933999999999,0.53100000000000003,0.0,5,0.27700000000000002,-2.7850000000000001,0,0.38200000000000001,nan,130.02699999999999,4,0.47899999999999998,Nema Dana Ni Meseca
0.36061366996779365,0.0,Tina Britt,177.94567000000001,0.62,0.0,3,0.68999999999999995,-7.1619999999999999,1,0.55900000000000005,0.0,118.83499999999999,1,0.20100000000000001,He Put The Hurt On Me
0.62472376757855252,0.4035096733630853,Tony Joe White,329.35138000000001,2.8439999999999999,0.0,2,0.078,-17.815999999999999,1,0.51600000000000001,0.0,139.905,4,0.28899999999999998,The Coloness Of The Chain
0.60801810591475336,0.28552323045013495,Beatnuts with Lil' Donny,78.654240000000001,0.20000000000000001,0.0,10,0.46000000000000002,-10.151999999999999,0,0.60399999999999998,nan,117.298,4,0.14099999999999999,Spelling Beatnuts with Lil' Donny
0.48489830534546241,0.30109409123655878,Los Traileros Del Norte,163.23873,0.067000000000000004,0.0,5,0.68200000000000005,-8.6620000000000008,1,0.52300000000000002,nan,189.68199999999999,4,0.0,Perro Faldero
0.9184517888889826,0.81958828222855784,The Killers,269.76607999999999,0.0,0.0,11,0.106,-7.4770000000000003,1,0.33300000000000002,nan,130.065,4,0.0,When You Were Young
0.85141762884736549,0.59261492735183441,Backstreet Boys,236.27709999999999,2.0139999999999998,0.0,10,0.495,-2.8010000000000002,0,0.5,nan,103.997,4,0.61099999999999999,The Call
0.79036790879350527,0.61545446155355577,The Police,137.45587,0.29299999999999998,0.0,10,0.624,-11.635999999999999,0,0.52800000000000002,nan,159.10599999999999,4,0.57399999999999995,Man In A Suitcase
0.52055374571161639,0.35597435894657803,J.B.Lenoir,169.22076999999999,0.26600000000000001,0.0,9,0.68799999999999994,-15.647,1,0.69299999999999995,0.0,150.59,4,0.0,Let's Roll (Take 1)
0.70334944041161451,0.4983953383497739,The Verve Pipe,249.28608,0.55400000000000005,0.0,11,0.253,-7.899,0,0.33600000000000002,nan,87.146000000000001,4,0.0,La La
0.49488075526619713,0.15934970520264227,Lexie Mountain Boys,239.56853000000001,2.6819999999999999,0.0,6,0.378,-19.07,1,0.28899999999999998,nan,51.930999999999997,1,0.0,Lullaby For The Dead In Our Life
0.76198635116932079,0.49719739605169161,Eagles Of Death Metal,215.64035999999999,0.0,0.0,7,0.35599999999999998,-4.4619999999999997,1,0.441,nan,237.83099999999999,4,0.38700000000000001,(I Used To Couldn't Dance) Tight Pants
0.44736422758516603,0.27801671055142424,Caniche Hara-Kiri,178.15465,0.189,0.0,1,0.63700000000000001,-9.7289999999999992,0,0.54000000000000004,0.26376758986854226,131.946,3,0.157,Frigide
0.90096763396147272,0.76967427929516341,Natasha Bedingfield,377.25995,6.2809999999999997,0.0,8,0.047,-7.3310000000000004,1,0.35299999999999998,nan,97.325000000000003,4,0.55000000000000004,These Words
0.23282408848570199,0.0,John Wesley Ryles,132.30975000000001,0.0,0.0,5,0.56299999999999994,-12.113,1,0.58599999999999997,nan,148.68000000000001,4,0.0,Someday You Will
