0.69541651904189394,0.41211049520526744,Marcus Miller,52.009340000000002,0.38800000000000001,0.0,9,0.68200000000000005,-13.227,1,0.47999999999999998,0.60904394267734374,78.382000000000005,3,0.52200000000000002,Outro Duction
0.66532216190601845,0.39421719890100421,Casiotone For The Painfully Alone,188.94322,0.0,0.0,7,0.69799999999999995,-7.5490000000000004,1,0.71499999999999997,0.6392484891503506,99.076999999999998,4,1.0,Attic Room
0.58568314983039382,0.36044576580672288,Mikey Dread,373.26321999999999,0.97799999999999998,0.0,1,0.25,-13.192,0,0.27600000000000002,nan,145.05500000000001,1,0.0,Two Track Dub (Dub / Instrumental Reggae Music)
0.77883582740248458,0.57010651195114104,Bob Marley & The Wailers,229.90322,0.752,0.0,4,0.0,-15.193,1,0.246,nan,122.565,1,0.0,Cry On (Acoustic Demo)
0.29143325967830602,0.15085776244515894,Brian Dullaghan,147.80036000000001,0.502,0.0,8,0.72499999999999998,-14.907999999999999,1,0.69399999999999995,nan,99.863,3,1.0,The Wedding
0.69411924676160552,0.45602975370052345,Rockabye Baby!,312.78975000000003,0.14799999999999999,0.0,8,0.11799999999999999,-11.917999999999999,1,0.442,0.38647729125545938,100.04300000000001,3,0.49199999999999999,Desire
0.54140496863410381,0.44644566182792161,Markscheider Kunst,222.64117999999999,0.0,0.0,5,0.52300000000000002,-7.3810000000000002,1,0.53600000000000003,0.23962909777363708,140.03299999999999,4,0.27500000000000002,Grustnaja
0.82607546669859544,0.59960264264959917,Dimmu Borgir,259.02974999999998,0.076999999999999999,0.0,10,0.039,-3.5609999999999999,1,0.20799999999999999,0.68197508807721241,150.06399999999999,7,0.51300000000000001,The Chosen Legacy
0.43545595730429643,0.27939587580160929,DJ Phiene,240.92688999999999,0.0,0.0,4,0.28000000000000003,-10.706,0,0.33300000000000002,0.0,165.023,4,0.47199999999999998,Bass Fanactiks
0.38514335108945025,0.27219015205895108,Leland Martin,175.62076999999999,0.14799999999999999,0.0,4,0.85199999999999998,-10.647,1,0.74299999999999999,nan,159.96799999999999,4,0.41499999999999998,Stone Cold Fingers (Bonus Track)
0.70719976383793626,0.51346328970215582,Tesla,290.29831999999999,0.14499999999999999,0.0,7,0.72499999999999998,-5.2709999999999999,1,0.75600000000000001,0.68413619122949032,150.06200000000001,4,0.93100000000000005,Caught In A Dream
0.21842295922838251,0.0,Massimiliano Damerini,397.81832000000003,0.41099999999999998,0.0,3,0.44700000000000001,-23.042000000000002,0,0.52500000000000002,nan,99.808999999999997,5,0.53300000000000003,Sonata I.X.1905: I. Preduycha (Janácek)
0.61800271490877123,0.34947632719784971,Busdriver,316.21179000000001,0.0,0.0,11,1.0,-7.6399999999999997,0,0.78400000000000003,0.0,129.99299999999999,4,0.0,Sun Shower - Cadence Weapon Remix (Cd)
0.45805517936300361,0.37176089539478846,Jason Miles,256.20853,0.218,0.0,6,0.012999999999999999,-8.6989999999999998,0,0.26400000000000001,0.25383473613223129,196.00399999999999,4,0.67100000000000004,Suba
0.55319423352061003,0.35980722500277096,Cinder,167.26159000000001,0.16,0.0,11,0.78600000000000003,-4.6340000000000003,0,0.69999999999999996,0.37598430150044215,120.122,4,1.0,Mirror (Album)
0.49550220710310122,0.32248257787586437,Yami Bolo,214.30812,0.14799999999999999,0.0,1,0.14899999999999999,-7.9189999999999996,1,0.219,0.0,139.03700000000001,4,0.059999999999999998,Healing of All Nations
0.39076083985338955,0.2076758378001374,Simon Harris,184.47628,0.71499999999999997,0.0,1,0.0,-14.276,1,0.0,nan,105.94799999999999,4,1.0,Sample Track 14
0.63163060805279503,0.37362121239512741,Cedric Gervais feat. Second Sun,392.90730000000002,0.14199999999999999,0.0,10,0.85999999999999999,-7.5010000000000003,0,0.71599999999999997,nan,124.063,4,0.54800000000000004,Pills (Dub) (Dub)
0.59483262375144497,0.37864997896178543,Marco Beltrami,160.78322,2.9900000000000002,0.0,5,0.0,-19.306000000000001,1,0.38900000000000001,nan,120.48399999999999,4,0.099000000000000005,Franks Plea
0.58079877768159349,0.38934175191041931,Charley Pride,188.02893,0.39800000000000002,0.0,4,0.95799999999999996,-12.169,1,0.78600000000000003,nan,98.823999999999998,4,1.0,(I'm So) Afraid Of Losing You Again
0.53938059021068641,0.3605835821516753,Bare Jr.,254.79791,0.0,0.0,10,0.64700000000000002,-7.3090000000000002,1,0.54000000000000004,0.0,107.529,3,1.0,Naked Albino
0.81592342034368559,0.5551383219226409,Bone Thugs-N-Harmony,266.05669,0.16800000000000001,0.0,4,0.19900000000000001,-5.827,1,0.222,nan,187.958,4,0.442,2 Glocks
0.50133716222058389,0.38067987361328043,The Perrys,115.1473,0.35099999999999998,0.0,1,0.050000000000000003,-7.7919999999999998,0,0.218,nan,107.905,4,0.33500000000000002,He's Leading The Way
0.37973451174553752,0.31386609958029299,Mariano Yanani,192.41750999999999,0.46700000000000003,0.0,2,0.72899999999999998,-16.922000000000001,1,0.73999999999999999,0.0,126.273,4,1.0,Canon In D Major (J. Pachelbel)
0.4871408009458939,0.30672097559350214,Perfection,379.27138000000002,0.084000000000000005,0.0,10,0.39500000000000002,-7.2640000000000002,0,0.40600000000000003,nan,100.16800000000001,3,1.0,What Is This
0.61464295415917714,0.43902456120679251,Nicole C. Mullen,237.16525999999999,0.0,0.0,8,0.377,-5.6429999999999998,1,0.33500000000000002,nan,104.039,4,0.89900000000000002,Shooby (Live Version)
0.70409394651989909,0.41074357753238733,X,233.22076999999999,0.16,0.0,9,0.71099999999999997,-6.8979999999999997,0,0.50600000000000001,0.26586104921065007,141.846,4,0.0,All Over Now
0.58969460524674566,0.38386370432771433,Ms. Dynamite,208.5873,0.13100000000000001,0.0,2,1.0,-8.2260000000000009,1,0.59899999999999998,0.4733465411087876,109.28700000000001,1,0.61599999999999999,Unbreakable
0.64531697361815554,0.40109025366153533,City High,174.91546,0.24299999999999999,0.0,7,0.57199999999999995,-6.5670000000000002,1,0.219,nan,191.548,4,0.16300000000000001,What Would You Do?
0.48006211445551078,0.33021269890093352,David Hudson,320.91383000000002,0.182,0.0,4,0.39700000000000002,-13.462,1,0.56799999999999995,nan,158.321,4,0.59099999999999997,Arrival
0.34561272505000723,0.26735977518229631,The Harvey Averne Dozen,166.81751,2.1480000000000001,0.0,10,0.17199999999999999,-15.489000000000001,1,0.113,nan,92.081999999999994,1,0.27500000000000002,The Think Drink Theme
0.50633637807629417,0.33845457590555128,BeauSoleil,268.30322000000001,0.64400000000000002,0.0,5,0.0,-13.757999999999999,1,0.028000000000000001,0.0,119.663,4,0.0,'Ti Monde (LP Version)
0.49425281927370995,0.37130459023439955,Corderoy & U4IC DJ'S,517.64200000000005,0.88500000000000001,0.0,10,0.52700000000000002,-9.0139999999999993,0,0.58299999999999996,nan,86.668000000000006,4,1.0,3 Spirit
0.17292130155731819,0.0,Blanks77,121.02485,0.20300000000000001,0.0,7,0.161,-9.6519999999999992,1,0.39200000000000002,0.29987748827397781,148.26400000000001,1,0.0,Final Solution
0.53570252813037911,0.38498611657781212,Carlos Nuñez,237.87056999999999,0.0,0.0,0,0.80600000000000005,-8.6910000000000007,1,0.63600000000000001,0.32773668317784083,113.15600000000001,3,0.90200000000000002,A Costa De Galicia
0.51295642071751735,0.33554791329814659,Márcio Faraco,236.35545999999999,1.3380000000000001,0.0,4,0.63700000000000001,-16.285,0,0.58899999999999997,0.0,125.989,3,0.65600000000000003,Kanoê
0.66937150193511774,0.56691240728153225,Brenda Lee,133.69424000000001,0.086999999999999994,0.0,2,0.63200000000000001,-9.3339999999999996,1,0.63200000000000001,nan,93.033000000000001,4,0.33300000000000002,Having A Little Talk With Jesus
0.43053890741728074,0.31635400082229742,Kai Winding,212.92363,0.24099999999999999,0.0,5,0.53300000000000003,-15.237,1,0.63500000000000001,0.33470654906922059,112.22199999999999,1,0.17899999999999999,Doodlin'
0.53529273551181966,0.38547055055582102,Jeff & Sheri Easter,241.99790999999999,2.7050000000000001,0.0,9,0.48299999999999998,-8.1699999999999999,1,0.52300000000000002,nan,156.13900000000001,4,0.251,There Is a Way
0.49720377424191214,0.0,The Plasmatics,94.510570000000001,0.0,0.0,7,0.13900000000000001,-5.1159999999999997,1,0.505,nan,124.43899999999999,4,0.215,Living Dead
0.79864517874188257,0.55241334551694454,Queens Of The Stone Age,82.859949999999998,0.17199999999999999,0.0,4,0.30199999999999999,-19.367999999999999,0,0.63900000000000001,0.71817979008434529,159.21199999999999,3,0.378,This Lullaby
0.67576680346878604,0.43546889881572542,J.J. Cale,202.94485,0.26400000000000001,0.0,6,0.40699999999999997,-18.863,0,0.41099999999999998,nan,133.398,1,0.0,Trouble In The City
0.41578460769961484,0.30790209386949613,Rodney O_ Joe Cooley,222.27546000000001,0.0,0.0,7,0.54200000000000004,-8.1489999999999991,1,0.53200000000000003,0.0,94.513000000000005,4,0.70199999999999996,DJ's & MC's
0.71776270225340555,0.53226618625251243,Fountains Of Wayne,144.71790999999999,0.189,0.0,9,0.085000000000000006,-5.7590000000000003,0,0.26300000000000001,0.51944858149405881,115.68600000000001,4,0.61899999999999999,Laser Show (LP Version)
0.5197806413075331,0.3480000192012373,Dolores Keane,249.93914000000001,0.48999999999999999,0.0,7,0.59299999999999997,-16.454000000000001,1,0.64800000000000002,0.21204540548371908,180.53200000000001,3,0.997,Dangerous Dance
0.55999141507584327,0.36290298564883927,Danny Wilson,126.53668999999999,3.46,0.0,5,0.52700000000000002,-8.5150000000000006,1,0.51000000000000001,0.21204540548371908,92.590999999999994,4,0.67300000000000004,Get Happy
0.56508989220389827,0.44859380261178367,4Him,269.06076999999999,0.0,0.0,8,0.59299999999999997,-10.925000000000001,1,0.67800000000000005,0.37598430150044215,150.04900000000001,4,0.51000000000000001,He Never Changes
0.48040197029570048,0.39232528252791371,Black Debbath,265.71710000000002,0.0,0.0,5,0.53600000000000003,-6.4089999999999998,1,0.432,nan,124.44799999999999,4,1.0,The Four Big Ones (Essential Authors And Works)
0.72914944068026044,0.52227789741856578,Goldfinger,128.49587,0.46100000000000002,0.0,7,0.39400000000000002,-4.625,1,0.51400000000000001,0.60478851571926995,185.40899999999999,4,0.22500000000000001,I'm Down
0.59863643394854538,0.41523593290173832,Yahir,245.34159,2.7749999999999999,0.0,9,0.26100000000000001,-9.0440000000000005,0,0.35199999999999998,0.51318973612581897,104.0,4,0.627,No Te Apartes De Mi
